1.377112e+00
2.322676e+00
-2.220168e-01
-1.142535e+00
-8.354354e-01
1.143166e+00
1.196899e+00
1.607738e+00
1.662783e+00
9.748507e-01
1.254486e-01
-1.223806e+00
-3.101466e-01
-1.339167e+00
2.733974e-01
8.694192e-01
1.149972e+00
4.893942e-01
1.774954e+00
1.895680e+00
6.495116e-01
1.401043e+00
2.088962e+00
-4.440754e-01
-1.373267e+00
-6.339653e-01
1.570390e-01
-8.519090e-01
1.821793e-01
1.524053e-01
-1.123219e+00
-1.091854e+00
-4.545430e-01
1.546698e+00
-1.478053e+00
-2.802320e-01
1.542365e-01
-2.335045e-01
-1.179466e+00
-8.039210e-01
-2.415793e-01
-1.188221e+00
-1.024812e+00
-4.305646e-01
-3.125407e-01
-5.259827e-01
-6.572675e-01
-4.278060e-01
6.994409e-02
3.252257e-01
-1.707698e-01
-1.096418e-01
3.439262e-01
-3.018593e-01
-1.128183e+00
-7.060381e-01
7.331886e-01
-1.134375e+00
-1.510893e+00
-1.501622e+00
-1.468098e+00
-4.035410e-01
2.406337e-01
-6.991727e-01
9.991345e-01
-1.018743e+00
1.579256e-01
-9.560115e-01
-7.067261e-01
-6.488274e-01
1.749318e-02
-3.416631e-02
-1.086491e+00
1.909619e-01
-2.771895e-01
-1.034562e+00
-5.840828e-01
-6.627407e-01
-9.448144e-01
-1.070375e+00
3.749627e-01
2.712199e-01
1.086552e+00
1.267151e+00
5.230986e-01
-5.717148e-01
1.103425e+00
2.516663e+00
-5.216040e-01
-1.116395e+00
-4.813029e-01
-4.637147e-02
-4.041890e-01
-7.696969e-01
-1.187551e+00
-1.763456e-01
-1.472655e+00
8.646473e-02
-8.891491e-04
-3.467978e-01
-9.943379e-01
-1.461072e+00
-8.974291e-01
-1.231248e+00
-1.217461e+00
7.404790e-02
8.869954e-01
1.626637e+00
2.050743e+00
1.435509e+00
7.764378e-01
2.419922e-01
8.482059e-01
1.532925e+00
2.022892e+00
1.818869e+00
1.160089e+00
2.700594e-01
-6.803327e-01
-9.205704e-01
-1.343904e+00
-8.871997e-01
-1.022585e-01
-5.536212e-01
-4.526363e-01
-4.416974e-01
1.519179e-01
8.530259e-01
1.443231e+00
5.948427e-01
5.525461e-01
-1.308122e-01
2.636542e-01
-1.089451e+00
-8.965808e-01
-1.433955e+00
-1.379976e+00
-1.285001e+00
-4.268166e-01
-8.692325e-01
1.904250e-01
-1.200187e+00
-4.024511e-01
-4.738775e-01
-1.383146e+00
-1.979725e-01
-1.402981e+00
-7.070123e-01
-5.499592e-01
-1.635142e-01
-6.079531e-01
-1.511871e-01
-1.245188e-01
-5.651957e-01
2.523852e-01
-9.875603e-01
-6.647536e-01
-1.950580e-01
2.425841e-01
2.345824e-01
1.153718e+00
1.317956e+00
6.774053e-01
1.293821e+00
1.112268e+00
4.636019e-01
6.088021e-02
-2.899692e-01
-9.278281e-01
4.889873e-01
8.037955e-01
2.705135e-01
2.565958e-01
-1.092654e+00
-9.558796e-01
-4.771771e-01
-1.210159e+00
-2.149165e-01
-1.012071e+00
-1.069668e+00
-1.264955e+00
-2.306774e-01
-1.461316e+00
2.641773e-01
5.018337e-01
1.134911e+00
1.016487e+00
-3.211014e-01
-1.397418e+00
-1.474920e+00
-1.221684e+00
2.647037e-01
-1.292015e+00
-2.609583e-01
-1.442398e+00
-6.107185e-01
-1.470430e+00
-8.502641e-01
-3.584990e-01
-2.700274e-01
-9.991671e-01
-1.259280e-02
-4.973162e-01
-6.592433e-01
-3.032028e-01
-6.661867e-01
-1.377272e+00
-1.410373e+00
-9.901851e-02
-1.356467e+00
2.099349e-01
1.547212e-01
-1.095222e+00
-8.370026e-01
2.274596e-01
-1.422626e+00
1.970156e+00
1.607746e+00
7.124834e-01
-8.889081e-01
-5.821152e-01
-5.339584e-01
-1.144400e+00
1.988632e-02
1.362607e-01
2.846966e-02
1.398076e-01
-5.421837e-01
-1.841587e-01
-6.295903e-01
-1.133013e+00
2.496949e-01
-1.070806e+00
2.526255e-01
-1.406897e+00
-1.017366e+00
-1.309471e+00
-6.718193e-01
-1.074934e+00
-5.343353e-01
-2.944493e-01
1.059778e-01
-7.225760e-01
-1.339189e+00
2.050662e-01
-7.407675e-01
-7.794079e-02
-7.953032e-01
-1.192302e+00
-2.182555e-02
-1.357727e+00
-2.460046e-01
-1.297924e+00
-9.927969e-01
1.678434e-01
-1.142789e+00
-1.306864e-01
-4.734771e-01
-8.175756e-01
-2.728660e-01
-1.070689e+00
-7.361987e-01
1.319726e-01
-1.045246e+00
-7.939507e-01
-5.831493e-01
-1.250583e+00
-1.002489e+00
-4.849916e-01
-5.094731e-01
-7.195445e-01
-1.221746e+00
-1.386275e+00
-1.394669e-01
1.025161e-01
-1.194504e+00
1.732039e-01
-1.240801e+00
-8.544220e-01
3.389551e-01
