1.492826e-01
-3.991440e-01
-1.114712e-01
3.381850e-01
8.146242e-01
2.117423e+00
-8.542725e-01
6.370901e-01
-4.276523e-02
-7.798349e-01
-1.841063e+00
-1.678427e+00
-8.164684e-01
-1.462004e+00
1.194206e-01
2.349255e+00
-1.345615e-01
4.082814e-01
2.101769e+00
-4.556659e-01
-4.018481e-01
1.505607e-01
1.720042e+00
-1.166993e+00
-1.796738e+00
-1.829111e+00
-1.129274e+00
-1.537698e+00
-1.881738e+00
-1.351154e+00
-1.846446e+00
-6.658799e-01
-2.209355e-01
3.837846e-01
-1.572031e+00
-6.361629e-01
-1.653495e+00
-1.800932e+00
-8.870336e-01
-1.478428e+00
-5.896387e-01
-8.916529e-01
7.960337e-01
-4.417603e-01
-8.051893e-01
-1.365667e+00
-1.645161e+00
-1.683958e+00
-1.787539e+00
-1.663008e+00
-3.117369e-01
-6.714850e-01
1.604758e+00
-4.452357e-01
-1.390098e+00
-9.591901e-01
8.644082e-01
-7.073145e-01
-1.871999e+00
-7.710553e-01
-8.700404e-01
-1.536795e+00
-2.910129e-01
-1.083474e+00
-3.459162e-01
-1.545548e+00
-1.151003e+00
-1.452525e+00
-9.432430e-01
-1.826870e+00
-1.080356e+00
-1.144920e+00
-1.320424e-01
-1.514955e+00
-1.467237e+00
-5.504066e-01
-8.922254e-01
-1.524538e+00
-6.812439e-01
-1.002590e+00
3.370188e-01
1.481200e+00
1.261064e+00
4.672499e-01
-7.976047e-01
-1.049177e+00
2.580193e+00
-1.518715e+00
-1.688012e+00
-5.427998e-01
-1.804972e+00
-6.868748e-01
-2.882635e-01
-2.488813e-01
-6.760359e-01
-1.581734e+00
-3.283283e-01
-1.495570e+00
-6.904669e-01
-1.424448e+00
-1.711754e+00
-1.019157e+00
-1.721618e+00
-1.479868e+00
-1.437483e+00
-3.528027e-01
1.748372e+00
1.146050e+00
-3.159251e-01
-9.667268e-01
-1.224339e+00
-1.606668e+00
1.350048e+00
1.578423e+00
-2.121453e-01
-1.259584e+00
-9.360384e-01
-4.989658e-01
-1.592820e-01
-2.475718e-01
-1.010506e+00
-1.878213e+00
-1.001410e+00
-6.634327e-01
-1.037068e+00
-1.783921e-01
-1.238393e+00
-1.372003e-01
5.224351e-01
-1.079464e+00
-1.897036e+00
-1.806422e+00
-3.324091e-01
-1.788539e+00
-1.840868e+00
-1.566956e+00
-1.188828e+00
-1.317236e+00
-1.826183e+00
-7.774728e-01
-5.943147e-01
-1.010218e+00
-1.524183e+00
-6.447824e-01
-9.786810e-01
-1.095727e+00
-6.200826e-01
-1.890652e+00
-1.532492e+00
-1.103510e+00
-6.827592e-01
-1.310745e+00
-9.385419e-01
-1.777920e+00
-1.704146e+00
-1.146236e+00
-1.616287e+00
-7.718582e-01
-1.339546e+00
9.822825e-01
1.218061e+00
-1.081446e+00
8.995363e-01
5.322410e-01
-1.262559e+00
-1.159596e+00
-9.423890e-01
-1.770055e+00
-2.007347e-01
-3.991242e-01
-1.441408e+00
-5.901669e-01
-7.997127e-01
-1.499539e+00
-2.105581e-01
-4.065899e-01
-1.118079e+00
-6.997861e-01
-1.089931e+00
-1.952800e-01
-1.349952e+00
-1.782733e+00
-1.690668e+00
-1.396953e+00
3.509333e-01
3.922504e-01
-5.997041e-01
-1.843912e+00
-1.602247e+00
-1.037444e+00
-1.449347e+00
-8.630098e-01
-1.753343e+00
-1.108814e+00
-1.767613e+00
-1.239827e+00
-4.082501e-01
-6.132868e-01
-1.691805e+00
-1.875640e+00
-1.169089e+00
-1.664861e+00
-7.890994e-01
-1.297070e+00
-1.771006e+00
-1.198045e+00
-4.714522e-01
-4.263213e-01
-5.189177e-01
-1.283495e+00
-1.704297e+00
-1.185045e+00
-1.692616e+00
-4.186694e-01
-1.198944e+00
-1.767566e+00
2.411285e+00
6.892715e-01
-1.286236e+00
-1.676034e+00
-1.487780e+00
-5.944991e-01
-1.411613e+00
-1.122043e+00
-1.562994e+00
-3.527380e-01
-9.876087e-01
-9.747601e-01
-5.705070e-01
-1.109275e+00
-8.977902e-01
-1.093457e+00
-8.691465e-01
-1.072352e+00
-1.403761e+00
-1.653643e+00
-1.643974e+00
-1.402344e+00
-1.296226e+00
-1.821423e+00
-1.857746e+00
-1.333588e+00
-1.676095e+00
-1.618472e+00
-1.002559e+00
-9.231843e-01
-6.593065e-01
-1.369772e+00
-6.886992e-01
-1.359420e+00
-1.110420e+00
-5.557113e-01
-4.588489e-01
-7.917628e-01
-1.187899e+00
-7.787566e-01
-1.779826e+00
-3.834056e-01
-1.527366e-01
-4.322644e-01
-7.237493e-01
-1.810658e+00
-1.701304e-01
-1.371180e+00
-7.249352e-01
-1.795447e+00
-1.780890e+00
-6.822063e-01
-1.750238e+00
-1.695663e-01
-1.008714e+00
-6.237843e-01
-1.493175e+00
-8.005392e-01
-1.326884e+00
-1.540049e-01
-1.443246e-01
-8.514822e-01
-9.799076e-01
-1.488822e+00
