-1.532874e+00
4.456353e-01
-1.445763e+00
-2.200266e+00
-1.377951e+00
2.426939e-01
9.872549e-01
1.024395e+00
2.054082e+00
1.133373e+00
4.258843e-01
-1.805562e+00
-2.205093e+00
3.895556e-01
3.367383e-01
9.808051e-01
1.273858e+00
3.567617e-01
6.656317e-01
2.256346e+00
1.394219e+00
1.332718e+00
5.589573e-01
3.577611e-01
-3.054406e+00
2.305905e+00
8.842548e-01
-3.185333e+00
-2.970303e+00
-3.158960e+00
-3.240887e+00
-2.333346e+00
-2.005702e+00
-2.503368e+00
2.112096e+00
-1.542464e+00
-2.905778e+00
-2.280885e+00
-2.998047e+00
-2.790654e+00
-1.645426e+00
-1.670161e+00
-2.804081e+00
-3.228490e+00
-1.679713e+00
-2.743868e+00
-3.025001e+00
-2.264616e+00
-3.016277e+00
-3.298103e+00
-2.646311e+00
-1.419201e+00
-3.225163e+00
-1.792214e+00
-2.452527e+00
-1.495849e+00
3.003241e-01
-1.897856e+00
-1.730326e+00
-2.926740e+00
-1.407916e+00
-2.082198e+00
-3.092295e+00
-2.957081e+00
1.176659e+00
-2.835055e+00
-1.452733e+00
-1.844385e+00
-3.153269e+00
-1.736334e+00
-3.330610e+00
-1.579104e+00
-2.059645e+00
-1.720329e+00
-2.469475e+00
-3.351710e+00
-1.818610e+00
-2.347375e+00
-3.288534e+00
-1.737058e+00
-1.412096e+00
6.384132e-01
5.425107e-01
1.320809e+00
1.271447e+00
-3.009090e+00
1.224657e+00
-2.818124e+00
-3.266946e+00
-2.552480e+00
-3.071714e+00
-2.914453e+00
-2.220351e+00
-2.987861e+00
-2.404731e+00
-1.418151e+00
-3.281213e+00
-2.192243e+00
-1.737367e+00
-2.891183e+00
-2.921034e+00
-3.103712e+00
-3.342261e+00
-2.794357e+00
-2.254456e+00
-1.280171e+00
7.441121e-01
1.333229e+00
1.198191e+00
1.210430e+00
2.951981e-01
-1.796035e+00
6.150990e-01
1.278739e+00
1.511710e+00
1.461094e+00
9.435678e-01
7.898436e-01
3.549347e-01
-1.616798e+00
7.112357e-01
-2.912026e+00
-1.899298e+00
-3.357175e+00
-3.134537e+00
-2.985726e+00
-2.775526e+00
5.381976e-01
7.386269e-01
1.334718e-01
6.110433e-01
-1.279887e+00
-2.082819e+00
-2.666078e+00
-2.723970e+00
-3.150833e+00
-2.402234e+00
-2.109586e+00
-2.966279e+00
-2.738968e+00
-1.977667e+00
-2.000719e+00
-1.581403e+00
-3.013684e+00
-2.688133e+00
-2.475576e+00
-2.137509e+00
-2.120555e+00
-1.604211e+00
-2.083605e+00
-2.734742e+00
-1.785228e+00
-3.112603e+00
-1.519833e+00
-2.945237e+00
-2.645059e+00
-2.487789e+00
-1.607546e+00
-1.844392e+00
3.920180e-01
8.463777e-01
1.246331e+00
7.098519e-01
9.991910e-01
9.949611e-01
-1.087681e+00
-1.529721e+00
-1.684999e+00
-1.500896e+00
5.193383e-01
8.202963e-01
-2.345158e-01
-1.634016e+00
-1.638841e+00
-1.527529e+00
-3.291487e+00
-1.508348e+00
-2.640615e+00
-2.421350e+00
-1.733726e+00
-2.719961e+00
-2.717825e+00
-2.124007e+00
-2.647066e+00
4.243411e-01
1.297565e+00
5.275816e-01
2.218833e-01
-1.696520e+00
-1.596426e+00
-1.975882e+00
-2.130454e+00
-1.907886e+00
-2.918247e+00
-3.182683e+00
-2.192116e+00
-1.433593e+00
-1.523089e+00
-1.484527e+00
-2.718319e+00
-2.844323e+00
-3.012081e+00
-2.520630e+00
-3.128268e+00
-2.110300e+00
-3.235603e+00
-1.990507e+00
-1.443165e+00
-2.429874e+00
-3.293791e+00
-2.696175e+00
-3.452177e+00
-1.609593e+00
-2.741540e+00
-2.738921e+00
-3.026852e+00
8.918592e-01
1.023518e+00
6.752695e-01
-4.220017e-01
-2.222092e+00
-2.923635e+00
-2.828472e+00
-1.777467e+00
-3.327197e+00
-3.076979e+00
-3.241972e+00
-3.206272e+00
-3.282425e+00
-1.846513e+00
-3.398329e+00
-2.070901e+00
-2.883972e+00
-2.579685e+00
-3.515396e+00
-2.061085e+00
-2.271025e+00
-2.521073e+00
-2.094944e+00
-3.505733e+00
-1.428906e+00
-2.767705e+00
-1.580444e+00
-1.915341e+00
-3.250014e+00
-3.095673e+00
-2.351897e+00
-2.976492e+00
-2.878001e+00
-1.819471e+00
-1.864601e+00
-1.785213e+00
-1.984175e+00
-2.257347e+00
-2.678908e+00
-2.994988e+00
-3.292470e+00
-3.485192e+00
-2.974040e+00
-1.997175e+00
-1.859505e+00
-2.914119e+00
-2.251638e+00
-1.564462e+00
-1.585961e+00
-3.474601e+00
-3.266694e+00
-3.484193e+00
-3.381789e+00
-3.495441e+00
-2.592234e+00
-2.672310e+00
-3.294376e+00
-2.520576e+00
-1.911628e+00
-2.224121e+00
-2.376092e+00
-1.661334e+00
-3.222368e+00
-1.658798e+00
